24
1429823182838
931.0
24
1429823327442
1152.0
24
1429824585751
1000.0
24
1429855334869
450.0
24
1429865491218
508.25
24
1429870676614
456.0
24
1429870710345
2400.0
24
1429875626134
997.5
24
1429875692452
4000.0
24
1429885776923
475.0
24
1429890493559
1216.0
27
1430141500480
1000.0
27
1430141604389
3325.0
28
1430216279648
855.0
28
1430216568540
2000.0
29
1430300731253
1216.0
29
1430323811293
836.0
5
1430832436369
659.6
5
1430832775064
912.0
5
1430844721760
665.0
10
1431207922758
480.0
10
1431207959931
1710.0
20
1432109849450
465.6
20
1511196374654
2146.5
20
1511196382469
2146.5
20
1511196502622
470.0
27
1514391958691
855.0
25
1516898335674
855.0
21
1542809824456
855.0
22
1553271998658
570.0
26
1553542436609
1140.0
